        TIME,    TIDE,      OB,   SURGE,    BIAS,     TWL,SURGE90p,  TWL90p,SURGE10p,   TWL10p
202605041200,   2.762,   2.968,  -0.100,   0.306,   2.968,  -0.200,   2.868,   0.000,   3.068
202605041206,   2.825,9999.000,9999.000,9999.000,9999.000,9999.000,9999.000,9999.000,9999.000
202605041212,   2.886,   3.060,9999.000,9999.000,9999.000,9999.000,9999.000,9999.000,9999.000
202605041218,   2.943,9999.000,9999.000,9999.000,9999.000,9999.000,9999.000,9999.000,9999.000
202605041224,   2.998,   3.217,9999.000,9999.000,9999.000,9999.000,9999.000,9999.000,9999.000
202605041230,   3.050,9999.000,9999.000,9999.000,9999.000,9999.000,9999.000,9999.000,9999.000
202605041236,   3.099,   3.348,9999.000,9999.000,9999.000,9999.000,9999.000,9999.000,9999.000
202605041242,   3.144,9999.000,9999.000,9999.000,9999.000,9999.000,9999.000,9999.000,9999.000
202605041248,   3.186,   3.450,9999.000,9999.000,9999.000,9999.000,9999.000,9999.000,9999.000
202605041254,   3.225,9999.000,9999.000,9999.000,9999.000,9999.000,9999.000,9999.000,9999.000
202605041300,   3.261,   3.558,  -0.100,   0.397,   3.558,  -0.200,   3.458,   0.000,   3.658
202605041306,   3.293,   3.568,9999.000,9999.000,9999.000,9999.000,9999.000,9999.000,9999.000
202605041312,   3.321,   3.598,9999.000,9999.000,9999.000,9999.000,9999.000,9999.000,9999.000
202605041318,   3.345,   3.617,9999.000,9999.000,9999.000,9999.000,9999.000,9999.000,9999.000
202605041324,   3.366,   3.627,9999.000,9999.000,9999.000,9999.000,9999.000,9999.000,9999.000
202605041330,   3.383,   3.637,9999.000,9999.000,9999.000,9999.000,9999.000,9999.000,9999.000
202605041336,   3.396,   3.650,9999.000,9999.000,9999.000,9999.000,9999.000,9999.000,9999.000
202605041342,   3.405,   3.680,9999.000,9999.000,9999.000,9999.000,9999.000,9999.000,9999.000
202605041348,   3.410,   3.689,9999.000,9999.000,9999.000,9999.000,9999.000,9999.000,9999.000
202605041354,   3.411,   3.719,9999.000,9999.000,9999.000,9999.000,9999.000,9999.000,9999.000
202605041400,   3.409,   3.689,  -0.100,   0.380,   3.689,  -0.300,   3.489,   0.000,   3.789
202605041406,   3.402,   3.670,9999.000,9999.000,9999.000,9999.000,9999.000,9999.000,9999.000
202605041412,   3.391,   3.749,9999.000,9999.000,9999.000,9999.000,9999.000,9999.000,9999.000
202605041418,   3.375,   3.719,9999.000,9999.000,9999.000,9999.000,9999.000,9999.000,9999.000
202605041424,   3.356,   3.660,9999.000,9999.000,9999.000,9999.000,9999.000,9999.000,9999.000
202605041430,   3.333,   3.617,9999.000,9999.000,9999.000,9999.000,9999.000,9999.000,9999.000
202605041436,   3.306,   3.627,9999.000,9999.000,9999.000,9999.000,9999.000,9999.000,9999.000
202605041442,   3.275,   3.558,9999.000,9999.000,9999.000,9999.000,9999.000,9999.000,9999.000
202605041448,   3.241,   3.568,9999.000,9999.000,9999.000,9999.000,9999.000,9999.000,9999.000
202605041454,   3.202,   3.489,9999.000,9999.000,9999.000,9999.000,9999.000,9999.000,9999.000
202605041500,   3.160,   3.460,  -0.200,   0.500,   3.460,  -0.300,   3.360,   0.000,   3.660
202605041506,   3.115,   3.398,9999.000,9999.000,9999.000,9999.000,9999.000,9999.000,9999.000
202605041512,   3.066,   3.460,9999.000,9999.000,9999.000,9999.000,9999.000,9999.000,9999.000
202605041518,   3.014,   3.348,9999.000,9999.000,9999.000,9999.000,9999.000,9999.000,9999.000
202605041524,   2.958,   3.319,9999.000,9999.000,9999.000,9999.000,9999.000,9999.000,9999.000
202605041530,   2.900,   3.279,9999.000,9999.000,9999.000,9999.000,9999.000,9999.000,9999.000
202605041536,   2.839,   3.207,9999.000,9999.000,9999.000,9999.000,9999.000,9999.000,9999.000
202605041542,   2.776,   3.138,9999.000,9999.000,9999.000,9999.000,9999.000,9999.000,9999.000
202605041548,   2.709,   3.040,9999.000,9999.000,9999.000,9999.000,9999.000,9999.000,9999.000
202605041554,   2.641,   2.978,9999.000,9999.000,9999.000,9999.000,9999.000,9999.000,9999.000
202605041600,   2.571,   2.958,  -0.200,   0.587,   2.958,  -0.300,   2.858,   0.000,   3.158
202605041606,   2.499,   2.869,9999.000,9999.000,9999.000,9999.000,9999.000,9999.000,9999.000
202605041612,   2.425,   2.719,9999.000,9999.000,9999.000,9999.000,9999.000,9999.000,9999.000
202605041618,   2.350,   2.728,9999.000,9999.000,9999.000,9999.000,9999.000,9999.000,9999.000
202605041624,   2.274,   2.660,9999.000,9999.000,9999.000,9999.000,9999.000,9999.000,9999.000
202605041630,   2.197,   2.587,9999.000,9999.000,9999.000,9999.000,9999.000,9999.000,9999.000
202605041636,   2.120,   2.519,9999.000,9999.000,9999.000,9999.000,9999.000,9999.000,9999.000
202605041642,   2.042,   2.368,9999.000,9999.000,9999.000,9999.000,9999.000,9999.000,9999.000
202605041648,   1.964,   2.328,9999.000,9999.000,9999.000,9999.000,9999.000,9999.000,9999.000
202605041654,   1.885,   2.250,9999.000,9999.000,9999.000,9999.000,9999.000,9999.000,9999.000
202605041700,   1.808,   2.230,  -0.200,   0.622,   2.230,  -0.400,   2.030,  -0.100,   2.330
202605041706,   1.730,   2.118,9999.000,9999.000,9999.000,9999.000,9999.000,9999.000,9999.000
202605041712,   1.654,   2.079,9999.000,9999.000,9999.000,9999.000,9999.000,9999.000,9999.000
202605041718,   1.579,   1.967,9999.000,9999.000,9999.000,9999.000,9999.000,9999.000,9999.000
202605041724,   1.504,   1.830,9999.000,9999.000,9999.000,9999.000,9999.000,9999.000,9999.000
202605041730,   1.432,   1.781,9999.000,9999.000,9999.000,9999.000,9999.000,9999.000,9999.000
202605041736,   1.360,   1.708,9999.000,9999.000,9999.000,9999.000,9999.000,9999.000,9999.000
202605041742,   1.291,   1.669,9999.000,9999.000,9999.000,9999.000,9999.000,9999.000,9999.000
202605041748,   1.224,   1.538,9999.000,9999.000,9999.000,9999.000,9999.000,9999.000,9999.000
202605041754,   1.159,   1.459,9999.000,9999.000,9999.000,9999.000,9999.000,9999.000,9999.000
202605041800,   1.097,   1.449,   0.000,   0.352,   1.449,  -0.200,   1.249,   0.100,   1.549
202605041806,   1.037,   1.390,9999.000,9999.000,9999.000,9999.000,9999.000,9999.000,9999.000
202605041812,   0.980,   1.239,9999.000,9999.000,9999.000,9999.000,9999.000,9999.000,9999.000
202605041818,   0.926,   1.259,9999.000,9999.000,9999.000,9999.000,9999.000,9999.000,9999.000
202605041824,   0.875,   1.220,9999.000,9999.000,9999.000,9999.000,9999.000,9999.000,9999.000
202605041830,   0.828,   1.180,9999.000,9999.000,9999.000,9999.000,9999.000,9999.000,9999.000
202605041836,   0.784,   1.138,9999.000,9999.000,9999.000,9999.000,9999.000,9999.000,9999.000
202605041842,   0.743,   1.059,9999.000,9999.000,9999.000,9999.000,9999.000,9999.000,9999.000
202605041848,   0.706,   1.010,9999.000,9999.000,9999.000,9999.000,9999.000,9999.000,9999.000
202605041854,   0.673,   0.980,9999.000,9999.000,9999.000,9999.000,9999.000,9999.000,9999.000
202605041900,   0.644,   0.951,  -0.100,   0.407,   0.951,  -0.200,   0.851,   0.000,   1.051
202605041906,   0.620,   0.879,9999.000,9999.000,9999.000,9999.000,9999.000,9999.000,9999.000
202605041912,   0.599,   0.879,9999.000,9999.000,9999.000,9999.000,9999.000,9999.000,9999.000
202605041918,   0.582,   0.869,9999.000,9999.000,9999.000,9999.000,9999.000,9999.000,9999.000
202605041924,   0.570,   0.819,9999.000,9999.000,9999.000,9999.000,9999.000,9999.000,9999.000
202605041930,   0.562,   0.790,9999.000,9999.000,9999.000,9999.000,9999.000,9999.000,9999.000
202605041936,   0.558,   0.849,9999.000,9999.000,9999.000,9999.000,9999.000,9999.000,9999.000
202605041942,   0.559,   0.790,9999.000,9999.000,9999.000,9999.000,9999.000,9999.000,9999.000
202605041948,   0.564,   0.688,9999.000,9999.000,9999.000,9999.000,9999.000,9999.000,9999.000
202605041954,   0.574,   0.688,9999.000,9999.000,9999.000,9999.000,9999.000,9999.000,9999.000
202605042000,   0.589,   0.760,  -0.100,   0.271,   0.760,  -0.200,   0.660,   0.000,   0.860
202605042006,   0.608,   0.760,9999.000,9999.000,9999.000,9999.000,9999.000,9999.000,9999.000
202605042012,   0.631,   0.810,9999.000,9999.000,9999.000,9999.000,9999.000,9999.000,9999.000
202605042018,   0.659,   0.839,9999.000,9999.000,9999.000,9999.000,9999.000,9999.000,9999.000
202605042024,   0.692,   0.898,9999.000,9999.000,9999.000,9999.000,9999.000,9999.000,9999.000
202605042030,   0.729,   0.941,9999.000,9999.000,9999.000,9999.000,9999.000,9999.000,9999.000
202605042036,   0.770,   1.010,9999.000,9999.000,9999.000,9999.000,9999.000,9999.000,9999.000
202605042042,   0.815,   1.059,9999.000,9999.000,9999.000,9999.000,9999.000,9999.000,9999.000
202605042048,   0.865,   1.088,9999.000,9999.000,9999.000,9999.000,9999.000,9999.000,9999.000
202605042054,   0.919,   1.088,9999.000,9999.000,9999.000,9999.000,9999.000,9999.000,9999.000
202605042100,   0.977,   1.180,  -0.200,   0.403,   1.180,  -0.300,   1.080,  -0.100,   1.280
202605042106,   1.038,   1.161,9999.000,9999.000,9999.000,9999.000,9999.000,9999.000,9999.000
202605042112,   1.104,   1.239,9999.000,9999.000,9999.000,9999.000,9999.000,9999.000,9999.000
202605042118,   1.173,   1.318,9999.000,9999.000,9999.000,9999.000,9999.000,9999.000,9999.000
202605042124,   1.245,   1.371,9999.000,9999.000,9999.000,9999.000,9999.000,9999.000,9999.000
202605042130,   1.321,   1.400,9999.000,9999.000,9999.000,9999.000,9999.000,9999.000,9999.000
202605042136,   1.399,   1.489,9999.000,9999.000,9999.000,9999.000,9999.000,9999.000,9999.000
202605042142,   1.481,   1.649,9999.000,9999.000,9999.000,9999.000,9999.000,9999.000,9999.000
202605042148,   1.565,   1.758,9999.000,9999.000,9999.000,9999.000,9999.000,9999.000,9999.000
202605042154,   1.651,   1.800,9999.000,9999.000,9999.000,9999.000,9999.000,9999.000,9999.000
202605042200,   1.740,   1.918,  -0.200,   0.378,   1.918,  -0.300,   1.818,  -0.100,   2.018
202605042206,   1.831,   2.049,9999.000,9999.000,9999.000,9999.000,9999.000,9999.000,9999.000
202605042212,   1.923,   2.109,9999.000,9999.000,9999.000,9999.000,9999.000,9999.000,9999.000
202605042218,   2.017,   2.177,9999.000,9999.000,9999.000,9999.000,9999.000,9999.000,9999.000
202605042224,   2.112,   2.191,9999.000,9999.000,9999.000,9999.000,9999.000,9999.000,9999.000
202605042230,   2.208,   2.299,9999.000,9999.000,9999.000,9999.000,9999.000,9999.000,9999.000
202605042236,   2.305,   2.410,9999.000,9999.000,9999.000,9999.000,9999.000,9999.000,9999.000
202605042242,   2.402,   2.558,9999.000,9999.000,9999.000,9999.000,9999.000,9999.000,9999.000
202605042248,   2.499,   2.620,9999.000,9999.000,9999.000,9999.000,9999.000,9999.000,9999.000
202605042254,   2.597,   2.660,9999.000,9999.000,9999.000,9999.000,9999.000,9999.000,9999.000
202605042300,   2.694,   2.797,  -0.300,   0.403,   2.797,  -0.300,   2.797,  -0.200,   2.897
202605042306,   2.790,   2.869,9999.000,9999.000,9999.000,9999.000,9999.000,9999.000,9999.000
202605042312,   2.886,   2.958,9999.000,9999.000,9999.000,9999.000,9999.000,9999.000,9999.000
202605042318,   2.981,   3.070,9999.000,9999.000,9999.000,9999.000,9999.000,9999.000,9999.000
202605042324,   3.074,   3.148,9999.000,9999.000,9999.000,9999.000,9999.000,9999.000,9999.000
202605042330,   3.166,   3.178,9999.000,9999.000,9999.000,9999.000,9999.000,9999.000,9999.000
202605042336,   3.256,   3.188,9999.000,9999.000,9999.000,9999.000,9999.000,9999.000,9999.000
202605042342,   3.344,   3.270,9999.000,9999.000,9999.000,9999.000,9999.000,9999.000,9999.000
202605042348,   3.430,   3.398,9999.000,9999.000,9999.000,9999.000,9999.000,9999.000,9999.000
202605042354,   3.514,   3.470,9999.000,9999.000,9999.000,9999.000,9999.000,9999.000,9999.000
202605050000,   3.596,   3.519,  -0.100,   0.023,   3.519,  -0.200,   3.419,   0.000,   3.619
202605050006,   3.674,   3.519,9999.000,9999.000,9999.000,9999.000,9999.000,9999.000,9999.000
202605050012,   3.750,   3.598,9999.000,9999.000,9999.000,9999.000,9999.000,9999.000,9999.000
202605050018,   3.823,   3.637,9999.000,9999.000,9999.000,9999.000,9999.000,9999.000,9999.000
202605050024,   3.893,   3.699,9999.000,9999.000,9999.000,9999.000,9999.000,9999.000,9999.000
202605050030,   3.959,   3.729,9999.000,9999.000,9999.000,9999.000,9999.000,9999.000,9999.000
202605050036,   4.022,   3.808,9999.000,9999.000,9999.000,9999.000,9999.000,9999.000,9999.000
202605050042,   4.082,   3.817,9999.000,9999.000,9999.000,9999.000,9999.000,9999.000,9999.000
202605050048,   4.137,   3.929,9999.000,9999.000,9999.000,9999.000,9999.000,9999.000,9999.000
202605050054,   4.190,   3.988,9999.000,9999.000,9999.000,9999.000,9999.000,9999.000,9999.000
202605050100,   4.238,   4.070,  -0.100,  -0.068,   4.070,  -0.200,   3.970,  -0.100,   4.070
202605050106,   4.282,   4.099,9999.000,9999.000,9999.000,9999.000,9999.000,9999.000,9999.000
202605050112,   4.323,   4.188,9999.000,9999.000,9999.000,9999.000,9999.000,9999.000,9999.000
202605050118,   4.359,   4.188,9999.000,9999.000,9999.000,9999.000,9999.000,9999.000,9999.000
202605050124,   4.391,   4.247,9999.000,9999.000,9999.000,9999.000,9999.000,9999.000,9999.000
202605050130,   4.419,   4.257,9999.000,9999.000,9999.000,9999.000,9999.000,9999.000,9999.000
202605050136,   4.443,   4.247,9999.000,9999.000,9999.000,9999.000,9999.000,9999.000,9999.000
202605050142,   4.462,   4.309,9999.000,9999.000,9999.000,9999.000,9999.000,9999.000,9999.000
202605050148,   4.477,   4.247,9999.000,9999.000,9999.000,9999.000,9999.000,9999.000,9999.000
202605050154,   4.488,   4.290,9999.000,9999.000,9999.000,9999.000,9999.000,9999.000,9999.000
202605050200,   4.494,   4.319,  -0.200,   0.025,   4.319,  -0.200,   4.319,  -0.100,   4.419
202605050206,   4.496,   4.290,9999.000,9999.000,9999.000,9999.000,9999.000,9999.000,9999.000
202605050212,   4.493,   4.290,9999.000,9999.000,9999.000,9999.000,9999.000,9999.000,9999.000
202605050218,   4.486,   4.319,9999.000,9999.000,9999.000,9999.000,9999.000,9999.000,9999.000
202605050224,   4.474,   4.300,9999.000,9999.000,9999.000,9999.000,9999.000,9999.000,9999.000
202605050230,   4.458,   4.329,9999.000,9999.000,9999.000,9999.000,9999.000,9999.000,9999.000
202605050236,   4.437,   4.300,9999.000,9999.000,9999.000,9999.000,9999.000,9999.000,9999.000
202605050242,   4.412,   4.300,9999.000,9999.000,9999.000,9999.000,9999.000,9999.000,9999.000
202605050248,   4.383,   4.267,9999.000,9999.000,9999.000,9999.000,9999.000,9999.000,9999.000
202605050254,   4.349,   4.188,9999.000,9999.000,9999.000,9999.000,9999.000,9999.000,9999.000
202605050300,   4.310,   4.129,  -0.200,   0.019,   4.129,  -0.300,   4.029,  -0.100,   4.229
202605050306,   4.268,   4.099,9999.000,9999.000,9999.000,9999.000,9999.000,9999.000,9999.000
202605050312,   4.221,   4.080,9999.000,9999.000,9999.000,9999.000,9999.000,9999.000,9999.000
202605050318,   4.170,   4.070,9999.000,9999.000,9999.000,9999.000,9999.000,9999.000,9999.000
202605050324,   4.115,   4.017,9999.000,9999.000,9999.000,9999.000,9999.000,9999.000,9999.000
202605050330,   4.055,   3.939,9999.000,9999.000,9999.000,9999.000,9999.000,9999.000,9999.000
202605050336,   3.993,   3.870,9999.000,9999.000,9999.000,9999.000,9999.000,9999.000,9999.000
202605050342,   3.926,   3.719,9999.000,9999.000,9999.000,9999.000,9999.000,9999.000,9999.000
202605050348,   3.856,   3.680,9999.000,9999.000,9999.000,9999.000,9999.000,9999.000,9999.000
202605050354,   3.782,   3.598,9999.000,9999.000,9999.000,9999.000,9999.000,9999.000,9999.000
202605050400,   3.705,   3.519,  -0.300,   0.114,   3.519,  -0.300,   3.519,  -0.200,   3.619
202605050406,   3.626,   3.407,9999.000,9999.000,9999.000,9999.000,9999.000,9999.000,9999.000
202605050412,   3.543,   3.368,9999.000,9999.000,9999.000,9999.000,9999.000,9999.000,9999.000
202605050418,   3.457,   3.279,9999.000,9999.000,9999.000,9999.000,9999.000,9999.000,9999.000
202605050424,   3.370,   3.207,9999.000,9999.000,9999.000,9999.000,9999.000,9999.000,9999.000
202605050430,   3.280,   3.099,9999.000,9999.000,9999.000,9999.000,9999.000,9999.000,9999.000
202605050436,   3.188,   2.958,9999.000,9999.000,9999.000,9999.000,9999.000,9999.000,9999.000
202605050442,   3.094,   2.860,9999.000,9999.000,9999.000,9999.000,9999.000,9999.000,9999.000
202605050448,   2.998,   2.748,9999.000,9999.000,9999.000,9999.000,9999.000,9999.000,9999.000
202605050454,   2.902,   2.709,9999.000,9999.000,9999.000,9999.000,9999.000,9999.000,9999.000
202605050500,   2.804,   2.578,  -0.300,   0.074,   2.578,  -0.400,   2.478,  -0.300,   2.578
202605050506,   2.706,   2.469,9999.000,9999.000,9999.000,9999.000,9999.000,9999.000,9999.000
202605050512,   2.607,   2.338,9999.000,9999.000,9999.000,9999.000,9999.000,9999.000,9999.000
202605050518,   2.509,   2.279,9999.000,9999.000,9999.000,9999.000,9999.000,9999.000,9999.000
202605050524,   2.410,   2.148,9999.000,9999.000,9999.000,9999.000,9999.000,9999.000,9999.000
202605050530,   2.311,   2.020,9999.000,9999.000,9999.000,9999.000,9999.000,9999.000,9999.000
202605050536,   2.213,   1.889,9999.000,9999.000,9999.000,9999.000,9999.000,9999.000,9999.000
202605050542,   2.116,   1.708,9999.000,9999.000,9999.000,9999.000,9999.000,9999.000,9999.000
202605050548,   2.020,   1.659,9999.000,9999.000,9999.000,9999.000,9999.000,9999.000,9999.000
202605050554,   1.925,   1.630,9999.000,9999.000,9999.000,9999.000,9999.000,9999.000,9999.000
202605050600,   1.832,   1.508,  -0.400,   0.076,   1.508,  -0.400,   1.508,  -0.300,   1.608
202605050606,   1.741,   1.439,9999.000,9999.000,9999.000,9999.000,9999.000,9999.000,9999.000
202605050612,   1.651,   1.328,9999.000,9999.000,9999.000,9999.000,9999.000,9999.000,9999.000
202605050618,   1.564,   1.220,9999.000,9999.000,9999.000,9999.000,9999.000,9999.000,9999.000
202605050624,   1.479,   1.151,9999.000,9999.000,9999.000,9999.000,9999.000,9999.000,9999.000
202605050630,   1.396,   1.069,9999.000,9999.000,9999.000,9999.000,9999.000,9999.000,9999.000
202605050636,   1.317,   1.010,9999.000,9999.000,9999.000,9999.000,9999.000,9999.000,9999.000
202605050642,   1.240,   0.888,9999.000,9999.000,9999.000,9999.000,9999.000,9999.000,9999.000
202605050648,   1.166,   0.849,9999.000,9999.000,9999.000,9999.000,9999.000,9999.000,9999.000
202605050654,   1.096,   0.708,9999.000,9999.000,9999.000,9999.000,9999.000,9999.000,9999.000
202605050700,   1.029,   0.688,  -0.400,   0.059,   0.688,  -0.400,   0.688,  -0.300,   0.788
202605050706,   0.965,   0.560,9999.000,9999.000,9999.000,9999.000,9999.000,9999.000,9999.000
202605050712,   0.905,   0.478,9999.000,9999.000,9999.000,9999.000,9999.000,9999.000,9999.000
202605050718,   0.849,   0.469,9999.000,9999.000,9999.000,9999.000,9999.000,9999.000,9999.000
202605050724,   0.796,   0.390,9999.000,9999.000,9999.000,9999.000,9999.000,9999.000,9999.000
202605050730,   0.747,   0.370,9999.000,9999.000,9999.000,9999.000,9999.000,9999.000,9999.000
202605050736,   0.702,   0.308,9999.000,9999.000,9999.000,9999.000,9999.000,9999.000,9999.000
202605050742,   0.661,   0.249,9999.000,9999.000,9999.000,9999.000,9999.000,9999.000,9999.000
202605050748,   0.624,   0.200,9999.000,9999.000,9999.000,9999.000,9999.000,9999.000,9999.000
202605050754,   0.592,   0.088,9999.000,9999.000,9999.000,9999.000,9999.000,9999.000,9999.000
202605050800,   0.563,   0.131,  -0.400,  -0.032,   0.131,  -0.500,   0.031,  -0.300,   0.231
202605050806,   0.539,   0.059,9999.000,9999.000,9999.000,9999.000,9999.000,9999.000,9999.000
202605050812,   0.518,   0.141,9999.000,9999.000,9999.000,9999.000,9999.000,9999.000,9999.000
202605050818,   0.502,   0.131,9999.000,9999.000,9999.000,9999.000,9999.000,9999.000,9999.000
202605050824,   0.491,   0.019,9999.000,9999.000,9999.000,9999.000,9999.000,9999.000,9999.000
202605050830,   0.483,   0.068,9999.000,9999.000,9999.000,9999.000,9999.000,9999.000,9999.000
202605050836,   0.480,   0.059,9999.000,9999.000,9999.000,9999.000,9999.000,9999.000,9999.000
202605050842,   0.481,   0.029,9999.000,9999.000,9999.000,9999.000,9999.000,9999.000,9999.000
202605050848,   0.486,  -0.009,9999.000,9999.000,9999.000,9999.000,9999.000,9999.000,9999.000
202605050854,   0.496,   0.000,9999.000,9999.000,9999.000,9999.000,9999.000,9999.000,9999.000
202605050900,   0.509,   0.019,  -0.400,  -0.090,   0.019,  -0.500,  -0.081,  -0.300,   0.119
202605050906,   0.527,   0.029,9999.000,9999.000,9999.000,9999.000,9999.000,9999.000,9999.000
202605050912,   0.549,   0.098,9999.000,9999.000,9999.000,9999.000,9999.000,9999.000,9999.000
202605050918,   0.575,   0.078,9999.000,9999.000,9999.000,9999.000,9999.000,9999.000,9999.000
202605050924,   0.605,   0.131,9999.000,9999.000,9999.000,9999.000,9999.000,9999.000,9999.000
202605050930,   0.639,   0.170,9999.000,9999.000,9999.000,9999.000,9999.000,9999.000,9999.000
202605050936,   0.676,   0.229,9999.000,9999.000,9999.000,9999.000,9999.000,9999.000,9999.000
202605050942,   0.717,   0.239,9999.000,9999.000,9999.000,9999.000,9999.000,9999.000,9999.000
202605050948,   0.762,   0.239,9999.000,9999.000,9999.000,9999.000,9999.000,9999.000,9999.000
202605050954,   0.810,   0.308,9999.000,9999.000,9999.000,9999.000,9999.000,9999.000,9999.000
202605051000,   0.861,   0.298,  -0.400,  -0.163,   0.298,  -0.500,   0.198,  -0.300,   0.398
202605051006,   0.915,   0.400,9999.000,9999.000,9999.000,9999.000,9999.000,9999.000,9999.000
202605051012,   0.972,   0.459,9999.000,9999.000,9999.000,9999.000,9999.000,9999.000,9999.000
202605051018,   1.032,   0.570,9999.000,9999.000,9999.000,9999.000,9999.000,9999.000,9999.000
202605051024,   1.094,   0.570,9999.000,9999.000,9999.000,9999.000,9999.000,9999.000,9999.000
202605051030,   1.159,   0.669,9999.000,9999.000,9999.000,9999.000,9999.000,9999.000,9999.000
202605051036,   1.226,   0.698,9999.000,9999.000,9999.000,9999.000,9999.000,9999.000,9999.000
202605051042,   1.294,   0.790,9999.000,9999.000,9999.000,9999.000,9999.000,9999.000,9999.000
202605051048,   1.365,   0.819,9999.000,9999.000,9999.000,9999.000,9999.000,9999.000,9999.000
202605051054,   1.436,   0.918,9999.000,9999.000,9999.000,9999.000,9999.000,9999.000,9999.000
202605051100,   1.509,   1.020,  -0.400,  -0.089,   1.020,  -0.500,   0.920,  -0.300,   1.120
202605051106,   1.583,   1.128,9999.000,9999.000,9999.000,9999.000,9999.000,9999.000,9999.000
202605051112,   1.657,   1.229,9999.000,9999.000,9999.000,9999.000,9999.000,9999.000,9999.000
202605051118,   1.732,   1.279,9999.000,9999.000,9999.000,9999.000,9999.000,9999.000,9999.000
202605051124,   1.807,   1.430,9999.000,9999.000,9999.000,9999.000,9999.000,9999.000,9999.000
202605051130,   1.882,   1.518,9999.000,9999.000,9999.000,9999.000,9999.000,9999.000,9999.000
202605051136,   1.957,   1.571,9999.000,9999.000,9999.000,9999.000,9999.000,9999.000,9999.000
202605051142,   2.031,   1.639,9999.000,9999.000,9999.000,9999.000,9999.000,9999.000,9999.000
202605051148,   2.104,   1.718,9999.000,9999.000,9999.000,9999.000,9999.000,9999.000,9999.000
202605051154,   2.177,   1.840,9999.000,9999.000,9999.000,9999.000,9999.000,9999.000,9999.000
202605051200,   2.248,   1.889,  -0.400,   0.041,   1.889,  -0.500,   1.789,  -0.300,   1.989
202605051206,   2.318,   1.928,9999.000,9999.000,9999.000,9999.000,9999.000,9999.000,9999.000
202605051212,   2.387,   2.000,9999.000,9999.000,9999.000,9999.000,9999.000,9999.000,9999.000
202605051218,   2.453,   2.128,9999.000,9999.000,9999.000,9999.000,9999.000,9999.000,9999.000
202605051224,   2.518,   2.230,9999.000,9999.000,9999.000,9999.000,9999.000,9999.000,9999.000
202605051230,   2.581,   2.269,9999.000,9999.000,9999.000,9999.000,9999.000,9999.000,9999.000
202605051236,   2.641,   2.348,9999.000,9999.000,9999.000,9999.000,9999.000,9999.000,9999.000
202605051242,   2.699,   2.368,9999.000,9999.000,9999.000,9999.000,9999.000,9999.000,9999.000
202605051248,   2.755,   2.499,9999.000,9999.000,9999.000,9999.000,9999.000,9999.000,9999.000
